8381703868
89551181407001935075
8381726382
89551181407001936644
8381504344
89551181407001902869
8381385866
89551181407001901101
8381069568
89551181407001931736
8381528727
89551181407001902497
8381735665
89551181407001936560
8381685187
89551181407001935232
8381154198
89551181407001931348
8381610515
89551181407001935968
8381328214
89551181407001901697
8381764213
89551181407001936123
8381723672
89551181407001936784
8381744056
89551181407001936479
8381554663
89551181407001902299
8381299226
89551181407001901978
8381076135
89551181407001931629
8381062383
89551181407001931884
8381693083
89551181407001935141
8381402075
89551181407001901218
8381713372
89551181407001936859
8381460092
89551181407001902596
8381624119
89551181407001935802
8381560671
89551181407001902174
8381081878
89551181407001931686
8381062395
89551181407001931892
8381459322
89551181407001902588
8381494626
89551181407001902794
8381555826
89551181407001902117
8381556414
89551181407001902125
8381015789
89551181407001931918
8381050937
89551181407001931835
8381184886
89551181407001931025
8381050184
89551181407001931827
8381434119
89551181407001901358
8381670595
89551181407001935497
8381260160
89551181407001901838
8381437441
89551181407001901382
8381610406
89551181407001935950
8381119445
89551181407001931413
8381556831
89551181407001902133
8381059347
89551181407001931876
8381451847
89551181407001902554
8381503699
89551181407001902851
8381021527
89551181407001931934
8381562445
89551181407001902190
8381562451
89551181407001902000
8381562456
89551181407001902018
8381563330
89551181407001902026
8381036063
89551181407001931975
8381227448
89551181407001931215
8381335378
89551181407001901564
8381315666
89551181407001901648
8381651406
89551181407001935745
8381652740
89551181407001935752
8381653753
89551181407001935778
8381653955
89551181407001935760
8381654046
89551181407001935794
8381654268
89551181407001935612
8381144055
89551181407001931306
8381472071
89551181407001902687
8381527221
89551181407001902976
8381527226
89551181407001902984
8381527250
89551181407001902992
8381527394
89551181407001902406
8381527446
89551181407001902414
8381527508
89551181407001902422
8381528429
89551181407001902430
8381528492
89551181407001902448
8381528629
89551181407001902455
8381528695
89551181407001902463
8381528696
89551181407001902471
8381528886
89551181407001902307
8381529440
89551181407001902315
8381529552
89551181407001902323
8381529569
89551181407001902331
8381265331
89551181407001901853
8381441628
89551181407001901408
8381279819
89551181407001901911
8381448844
89551181407001902513
8381732138
89551181407001936529
8381482784
89551181407001902737
8381717309
89551181407001936701
8381703399
89551181407001935067
8381137250
89551181407001931488
8381436131
89551181407001901374
8381754143
89551181407001936222
8381771464
89551181407001936032
8381739064
89551181407001936412
8381770567
89551181407001936008
8381741831
89551181407001936446
8381504968
89551181407001902885
8381450648
89551181407001902539
8381727908
89551181407001936651
8381575823
89551181407001902083
8381350705
89551181407001901754
8381118509
89551181407001931405
8381691153
89551181407001935125
8381080174
89551181407001931652
8381758058
89551181407001936271
8381751351
89551181407001936354
8381523513
89551181407001902943
8381748043
89551181407001936321
8381646731
89551181407001935729
8381172748
89551181407001931116
8381364176
89551181407001901010
8381688858
89551181407001935240
8381723298
89551181407001936776
8381567764
89551181407001902059
8381702564
89551181407001935042
8381737377
89551181407001936586
8381631558
89551181407001935844
8381767882
89551181407001936180
8381749855
89551181407001936339
8381681782
89551181407001935364
8381660242
89551181407001935414
8381476205
89551181407001902703
8381677433
89551181407001935331
8381157202
89551181407001931355
8381734442
89551181407001936545
8381305446
89551181407001901622
8381213350
89551181407001931066
8381117395
89551181407001931587
8381667825
89551181407001935471
8381337159
89551181407001901580
8381517686
89551181407001902927
8381557789
89551181407001902158
8381664174
89551181407001935463
8381670449
89551181407001935489
8381724208
89551181407001936792
8381779555
89551181407001936057
8381486336
89551181407001902745
8381170842
89551181407001931108
8381461332
89551181407001902604
8381504602
89551181407001902877
8381247351
89551181407001931298
8381162804
89551181407001931371
8381349716
89551181407001901739
8381682678
89551181407001935398
8381553547
89551181407001902281
8381735781
89551181407001936578
8381634814
89551181407001935869
8381055308
89551181407001931850
8381555682
89551181407001902109
8381528703
89551181407001902489
8381216974
89551181407001931090
8381624736
89551181407001935810
8381712857
89551181407001936834
8381297691
89551181407001901960
8381545855
89551181407001902257
8381741116
89551181407001936420
8381259747
89551181407001901820
8381443088
89551181407001901432
8381360095
89551181407001901788
8381725410
89551181407001936628
8381752461
89551181407001936396
8381431182
89551181407001901333
8381530072
89551181407001902356
8381261984
89551181407001901846
8381182029
89551181407001931017
8381049275
89551181407001931819
8381380853
89551181407001901069
8381099905
89551181407001931553
8381326530
89551181407001901689
8381538552
89551181407001902372
8381682861
89551181407001935208
8381577374
89551181407001902091
8381689582
89551181407001935257
8381116220
89551181407001931579
8381752718
89551181407001936206
8381464033
89551181407001902646
8381540148
89551181407001902380
8381737549
89551181407001936594
8381369302
89551181407001901028
8381541923
89551181407001902216
8381711273
89551181407001936818
8381722472
89551181407001936768
8381697102
89551181407001935182
8381324898
89551181407001901671
8381709235
89551181407001936941
8381742932
89551181407001936461
8381474914
89551181407001902695
8381147811
89551181407001931314
8381408884
89551181407001901242
8381441977
89551181407001901416
8381482770
89551181407001902729
8381303326
89551181407001901606
8381419808
89551181407001901309
8381759021
89551181407001936297
8381699971
89551181407001935018
8381490076
89551181407001902752
8381561655
89551181407001902182
8381772205
89551181407001936040
8381684982
89551181407001935224
8381064905
89551181407001931710
8381704663
89551181407001935091
8381773784
89551181407001936065
8381331103
89551181407001901515
8381767039
89551181407001936164
8381760358
89551181407001936107
8381051435
89551181407001931843
8381751759
89551181407001936388
8381173645
89551181407001931132
8381148966
89551181407001931322
8381734351
89551181407001936511
8381293476
89551181407001901952
8381690866
89551181407001935299
8381719805
89551181407001936735
8381775964
89551181407001936081
8381237959
89551181407001931249
8381122615
89551181407001931447
8381385652
89551181407001901093
8381682041
89551181407001935380
8381180673
89551181407001931009
8381770720
89551181407001936016
8381670842
89551181407001935448
8381710883
89551181407001936982
8381462966
89551181407001902612
8381120198
89551181407001931421
8381404219
89551181407001901226
8381754896
89551181407001936230
8381026566
89551181407001931959
8381531769
89551181407001902364
8381320380
89551181407001901655
8381680171
89551181407001935356
8381634023
89551181407001935851
8381477052
89551181407001902711
8381511456
89551181407001902919
8381189859
89551181407001931058
8381690422
89551181407001935273
8381414518
89551181407001901283
8381397547
89551181407001901168
8381175731
89551181407001931140
8381567379
89551181407001902042
8381057642
89551181407001931868
8381397218
89551181407001901150
8381523948
89551181407001902950
8381067939
89551181407001931728
8381433967
89551181407001901341
8381081796
89551181407001931660
8381283386
89551181407001901929
8381045053
89551181407001931991
8381702198
89551181407001935026
8381173276
89551181407001931124
8381392647
89551181407001901135
8381506239
89551181407001902893
8381628781
89551181407001935828
8381043063
89551181407001931983
8381177824
89551181407001931181
8381745546
89551181407001936495
8381729111
89551181407001936685
8381699715
89551181407001935000
8381544919
89551181407001902232
8381720847
89551181407001936743
8381766093
89551181407001936156
8381691147
89551181407001935117
8381702313
89551181407001935034
8381301995
89551181407001901986
8381705870
89551181407001936909
8381426993
89551181407001901317
8381729844
89551181407001936669
8381322219
89551181407001901663
8381642399
89551181407001935885
8381088047
89551181407001931678
8381548175
89551181407001902273
8381502637
89551181407001902844
8381404732
89551181407001901234
8381491261
89551181407001902778
8381178714
89551181407001931199
8381721175
89551181407001936750
8381750465
89551181407001936347
8381717426
89551181407001936719
8381704004
89551181407001935083
8381756565
89551181407001936248
8381557760
89551181407001902141
8381463727
89551181407001902638
8381079587
89551181407001931645
8381499309
89551181407001902836
8381382284
89551181407001901077
8381238219
89551181407001931256
8381724702
89551181407001936610
8381708036
89551181407001936933
8381413974
89551181407001901267
8381377489
89551181407001901051
8381439094
89551181407001901390
8381074319
89551181407001931777
8381469689
89551181407001902661
8381267426
89551181407001901879
8381645349
89551181407001935711
8381490879
89551181407001902760
8381130161
89551181407001931470
8381064095
89551181407001931702
8381578562
89551181407001935901
8381331468
89551181407001901523
8381663680
89551181407001935455
8381714613
89551181407001936842
8381679026
89551181407001935349
8381359724
89551181407001901762
8381414283
89551181407001901275
8381096776
89551181407001931538
8381240751
89551181407001931264
8381271048
89551181407001901887
8381167314
89551181407001931397
8381336159
89551181407001901572
8381623897
89551181407001935992
8381076024
89551181407001931611
8381244666
89551181407001931272
8381546669
89551181407001902265
8381758076
89551181407001936289
8381216871
89551181407001931082
8381542708
89551181407001902224
8381545265
89551181407001902240
8381165646
89551181407001931389
8381349641
89551181407001901721
8381333899
89551181407001901556
8381654039
89551181407001935786
8381654230
89551181407001935604
8381654896
89551181407001935620
8381654897
89551181407001935638
8381654949
89551181407001935646
8381655143
89551181407001935653
8381655180
89551181407001935661
8381656032
89551181407001935679
8381656378
89551181407001935687
8381656747
89551181407001935695
8381656755
89551181407001935505
8381657730
89551181407001935513
8381657858
89551181407001935521
8381658065
89551181407001935539
8381658074
89551181407001935547
8381658100
89551181407001935554
8381658189
89551181407001935562
8381658964
89551181407001935570
8381658969
89551181407001935588
8381659075
89551181407001935596
8381659141
89551181407001935406
8381305271
89551181407001901614
8381386016
89551181407001901119
8381400504
89551181407001901184
8381401548
89551181407001901192
8381401591
89551181407001901200
8381457427
89551181407001931744
8381707686
89551181407001931751
8381522770
89551181407001931769
8381756670
89551181407001931785
8381076109
89551181407001931793
8381536513
89551181407001931603
8381677883
89551181407001931637
8381093478
89551181407001931504
8381534467
89551181407001902349
8381717511
89551181407001936727
8381729534
89551181407001936693
8381765402
89551181407001936131
8381333595
89551181407001901549
8381731806
89551181407001936503
8381086342
89551181407001931694
8381715090
89551181407001936875
8381643472
89551181407001935703
8381770952
89551181407001936024
8381333090
89551181407001901531
8381187681
89551181407001931041
8381709390
89551181407001936958
8381140677
89551181407001931496
8381695563
89551181407001935166
8381309024
89551181407001901630
8381451205
89551181407001902547
8381753861
89551181407001936214
8381744184
89551181407001936487
8381589425
89551181407001935935
8381774971
89551181407001936073
8381175835
89551181407001931157
8381524472
89551181407001902968
8381629605
89551181407001935836
8381559294
89551181407001902166
8381497295
89551181407001902810
8381757987
89551181407001936263
8381741479
89551181407001936438
8381120683
89551181407001931439
8381245024
89551181407001931280
8381494033
89551181407001902786
8381541560
89551181407001902208
8381642417
89551181407001935893
8381671643
89551181407001935307
8381601940
89551181407001935943
8381349914
89551181407001901747
8381690635
89551181407001935265
8381214237
89551181407001931074
8381588993
89551181407001935927
8381125963
89551181407001931454
8381568298
89551181407001902067
8381751517
89551181407001936370
8381738737
89551181407001936404
8381681832
89551181407001935372
8381176675
89551181407001931165
8381733041
89551181407001936537
8381414849
89551181407001901291
8381118341
89551181407001931595
8381435075
89551181407001901366
8381620786
89551181407001935984
8381692034
89551181407001935133
8381031625
89551181407001931967
8381113634
89551181407001931561
8381712150
89551181407001936826
8381640727
89551181407001935877
8381698231
89551181407001935190
8381726059
89551181407001936636
8381724238
89551181407001936602
8381373498
89551181407001901036
8381694213
89551181407001935158
8381776880
89551181407001936099
8381709986
89551181407001936974
8381363469
89551181407001901002
8381663375
89551181407001935430
8381398629
89551181407001901176
8381683422
89551181407001935216
8381275429
89551181407001901895
8381302078
89551181407001901994
8381382436
89551181407001901085
8381767592
89551181407001936172
8381662452
89551181407001935422
8381159783
89551181407001931363
8381690713
89551181407001935281
8381337769
89551181407001901598
8381392060
89551181407001901127
8381765507
89551181407001936149
8381283983
89551181407001901937
8381745956
89551181407001936305
8381734935
89551181407001936552
8381711202
89551181407001936800
8381673195
89551181407001935315
8381375043
89551181407001901044
8381690918
89551181407001935109
8381293150
89551181407001901945
8381716602
89551181407001936891
8381702806
89551181407001935059
8381339307
89551181407001901705
8381613547
89551181407001935976
8381395733
89551181407001901143
8381429631
89551181407001901325
8381583610
89551181407001935919
8381330646
89551181407001901507
8381769008
89551181407001936198
8381564877
89551181407001902034
8381017495
89551181407001931926
8381715951
89551181407001936883
8381014252
89551181407001931900
8381177364
89551181407001931173
8381456590
89551181407001902570
8381506774
89551181407001902901
8381096478
89551181407001931520
8381747521
89551181407001936313
8381751386
89551181407001936362
8381677011
89551181407001935323
8381185178
89551181407001931033
8381149014
89551181407001931330
8381742699
89551181407001936453
8381540939
89551181407001902398
8381762976
89551181407001936115
8381709597
89551181407001936966
8381727942
89551181407001936677
8381714711
89551181407001936867
8381706335
89551181407001936917
8381142346
89551181407001931462
8381448936
89551181407001902521
8381454793
89551181407001902562
8381099863
89551181407001931546
8381361881
89551181407001901796
8381577115
89551181407001902075
8381448001
89551181407001901499
8381256259
89551181407001901812
8381756882
89551181407001936255
8381695629
89551181407001935174
8381706791
89551181407001936925
8381266233
89551181407001901861
8381522970
89551181407001902935
8381094191
89551181407001931512
8381498879
89551181407001902828
8381249990
89551181407001901804
8381223833
89551181407001931207
8381228992
89551181407001931223
8381442286
89551181407001901424
8381444130
89551181407001901440
8381444555
89551181407001901457
8381444936
89551181407001901465
8381447496
89551181407001901473
8381447796
89551181407001901481
8381448779
89551181407001902505
8381278419
89551181407001901903
8381496025
89551181407001902802
8381359833
89551181407001901770
8381463277
89551181407001902620
8381646992
89551181407001935737
8381711131
89551181407001936990
8381024238
89551181407001931942
8381231177
89551181407001931231
8381343520
89551181407001901713
8381411961
89551181407001901259
8381471649
89551181407001902679
8381046303
89551181407001931801
8381469178
89551181407001902653
